       1   1   1   1   0   1    701   747   758   165
       2   1   1   1   0   1    701   165   146   145
       3   1   1   1   0   1    165   746   147   146
       4   1   1   1   0   1    165   758   743   746
       5   1   1   1   0   1    725   735   169   734
       6   1   1   1   0   1    735   738   188   169
       7   1   1   1   0   1    653   173   706   654
       8   1   1   1   0   1    653   652   722   173
       9   1   1   1   0   1    307   308   613   612
      10   1   1   1   0   1    308   309   218   613
      11   1   1   1   0   1    225   176   666   224
      12   1   1   1   0   1    176   225   665   664
      13   1   1   1   0   1    764   191   711   710
      14   1   1   1   0   1    191   762   712   711
      15   1   1   1   0   1    227   226   319   320
      16   1   1   1   0   1    664   665   226   227
      17   1   1   1   0   1    665   317   318   226
      18   1   1   1   0   1    665   225   316   317
      19   1   1   1   0   1    764   765   759   758
      20   1   1   1   0   1    759   765   763   760
 

 
      21   1   1   1   0   1    367   185   767   166
      22   1   1   1   0   1    166   751   752   367
      23   1   1   1   0   1    166   368   485   751
      24   1   1   1   0   1    166   767   265   368
      25   1   1   1   0   1    767   263   264   265
      26   1   1   1   0   1    185   262   263   767
      27   1   1   1   0   1    369   486   750   485
      28   1   1   1   0   1    368   266   369   485
      29   1   1   1   0   1    265   180   266   368
      30   1   1   1   0   1    264   171   180   265
      31   1   1   1   0   1    486   766   749   750
      32   1   1   1   0   1    766   487   748   749
      33   1   1   1   0   1    486   370   487   766
      34   1   1   1   0   1    369   267   370   486
      35   1   1   1   0   1    266   189   267   369
      36   1   1   1   0   1    180   188   189   266
      37   1   1   1   0   1    171   169   188   180
      38   1   1   1   0   1    264   187   170   171
      39   1   1   1   0   1    170   172   169   171
      40   1   1   1   0   1    263   179   187   264
 

 
      41   1   1   1   0   1    262   186   179   263
      42   1   1   1   0   1    185   178   186   262
      43   1   1   1   0   1    367   261   178   185
      44   1   1   1   0   1    752   753   261   367
      45   1   1   1   0   1    487   744   745   748
      46   1   1   1   0   1    370   742   744   487
      47   1   1   1   0   1    267   741   742   370
      48   1   1   1   0   1    189   739   741   267
      49   1   1   1   0   1    188   738   739   189
      50   1   1   1   0   1    172   733   734   169
      51   1   1   1   0   1    170   732   733   172
      52   1   1   1   0   1    187   730   732   170
      53   1   1   1   0   1    179   731   730   187
      54   1   1   1   0   1    186   729   731   179
      55   1   1   1   0   1    178   728   729   186
      56   1   1   1   0   1    261   737   728   178
      57   1   1   1   0   1    753   754   184   261
      58   1   1   1   0   1    184   727   737   261
      59   1   1   1   0   1    754   755   177   184
      60   1   1   1   0   1    177   726   727   184
 

 
      61   1   1   1   0   1    755   756   260   177
      62   1   1   1   0   1    260   724   726   177
      63   1   1   1   0   1    260   740   736   724
      64   1   1   1   0   1    756   757   740   260
      65   1   1   1   0   1    758   747   191   764
      66   1   1   1   0   1    747   761   762   191
      67   1   1   1   0   1    747   701   183   761
      68   1   1   1   0   1    701   700   190   183
      69   1   1   1   0   1    700   699   182   190
      70   1   1   1   0   1    699   698   181   182
      71   1   1   1   0   1    698   697   703   181
      72   1   1   1   0   1    703   706   167   181
      73   1   1   1   0   1    706   173   168   167
      74   1   1   1   0   1    173   722   707   168
      75   1   1   1   0   1    765   709   708   763
      76   1   1   1   0   1    764   710   709   765
      77   1   1   1   0   1    761   718   712   762
      78   1   1   1   0   1    183   713   718   761
      79   1   1   1   0   1    190   719   713   183
      80   1   1   1   0   1    182   714   719   190
 

 
      81   1   1   1   0   1    181   721   714   182
      82   1   1   1   0   1    167   715   721   181
      83   1   1   1   0   1    168   716   715   167
      84   1   1   1   0   1    707   717   716   168
      85   1   1   1   0   1    743   696   702   746
      86   1   1   1   0   1    759   704   743   758
      87   1   1   1   0   1    760   705   704   759
      88   1   1   1   0   1    763   720   705   760
      89   1   1   1   0   1    708   723   720   763
      90   1   1   1   0   1    697   633   645   703
      91   1   1   1   0   1    703   645   654   706
      92   1   1   1   0   1    736   174   692   724
      93   1   1   1   0   1    724   692   691   726
      94   1   1   1   0   1    726   691   663   727
      95   1   1   1   0   1    727   663   690   737
      96   1   1   1   0   1    737   690   662   728
      97   1   1   1   0   1    728   662   689   729
      98   1   1   1   0   1    729   689   661   731
      99   1   1   1   0   1    731   661   688   730
     100   1   1   1   0   1    730   688   660   732
 

 
     101   1   1   1   0   1    732   660   630   733
     102   1   1   1   0   1    733   630   659   734
     103   1   1   1   0   1    734   659   687   725
     104   1   1   1   0   1    722   652   651   707
     105   1   1   1   0   1    707   651   650   717
     106   1   1   1   0   1    708   673   672   723
     107   1   1   1   0   1    709   674   673   708
     108   1   1   1   0   1    710   675   674   709
     109   1   1   1   0   1    711   676   675   710
     110   1   1   1   0   1    712   677   676   711
     111   1   1   1   0   1    718   678   677   712
     112   1   1   1   0   1    713   679   678   718
     113   1   1   1   0   1    719   680   679   713
     114   1   1   1   0   1    714   681   680   719
     115   1   1   1   0   1    721   695   681   714
     116   1   1   1   0   1    715   682   695   721
     117   1   1   1   0   1    716   683   682   715
     118   1   1   1   0   1    717   684   683   716
     119   1   1   1   0   1    650   649   684   717
     120   1   1   1   0   1    633   634   646   645
 

 
     121   1   1   1   0   1    634   635   642   646
     122   1   1   1   0   1    635   636   640   642
     123   1   1   1   0   1    636   637   638   640
     124   1   1   1   0   1    637   620   492   638
     125   1   1   1   0   1    620   619   626   492
     126   1   1   1   0   1    619   618   490   626
     127   1   1   1   0   1    618   617   489   490
     128   1   1   1   0   1    617   616   488   489
     129   1   1   1   0   1    616   615   639   488
     130   1   1   1   0   1    745   641   639   615
     131   1   1   1   0   1    744   643   641   745
     132   1   1   1   0   1    742   647   643   744
     133   1   1   1   0   1    741   655   647   742
     134   1   1   1   0   1    739   656   655   741
     135   1   1   1   0   1    738   685   656   739
     136   1   1   1   0   1    735   657   685   738
     137   1   1   1   0   1    725   686   657   735
     138   1   1   1   0   1    687   658   686   725
     139   1   1   1   0   1    696   644   632   702
     140   1   1   1   0   1    704   669   696   743
 

 
     141   1   1   1   0   1    705   693   669   704
     142   1   1   1   0   1    720   670   693   705
     143   1   1   1   0   1    723   694   670   720
     144   1   1   1   0   1    672   671   694   723
     145   1   1   1   0   1    174   175   631   692
     146   1   1   1   0   1    175   176   664   631
     147   1   1   1   0   1    175   667   666   176
     148   1   1   1   0   1    174   628   667   175
     149   1   1   1   0   1    736   668   628   174
     150   1   1   1   0   1    740   629   668   736
     151   1   1   1   0   1    757   648   629   740
     152   1   1   1   0   1    640   269   251   642
     153   1   1   1   0   1    642   251   252   646
     154   1   1   1   0   1    646   252   253   645
     155   1   1   1   0   1    645   253   254   654
     156   1   1   1   0   1    654   254   255   653
     157   1   1   1   0   1    653   255   256   652
     158   1   1   1   0   1    652   256   257   651
     159   1   1   1   0   1    651   257   258   650
     160   1   1   1   0   1    650   258   259   649
 

 
     161   1   1   1   0   1    644   270   621   632
     162   1   1   1   0   1    270   377   622   621
     163   1   1   1   0   1    377   493   623   622
     164   1   1   1   0   1    493   494   624   623
     165   1   1   1   0   1    494   627   496   624
     166   1   1   1   0   1    627   379   495   496
     167   1   1   1   0   1    494   380   379   627
     168   1   1   1   0   1    493   378   380   494
     169   1   1   1   0   1    377   271   378   493
     170   1   1   1   0   1    270   217   271   377
     171   1   1   1   0   1    644   216   217   270
     172   1   1   1   0   1    696   215   216   644
     173   1   1   1   0   1    669   214   215   696
     174   1   1   1   0   1    693   213   214   669
     175   1   1   1   0   1    670   212   213   693
     176   1   1   1   0   1    694   211   212   670
     177   1   1   1   0   1    671   210   211   694
     178   1   1   1   0   1    671   207   208   210
     179   1   1   1   0   1    672   206   207   671
     180   1   1   1   0   1    673   205   206   672
 

 
     181   1   1   1   0   1    674   204   205   673
     182   1   1   1   0   1    675   203   204   674
     183   1   1   1   0   1    676   202   203   675
     184   1   1   1   0   1    677   201   202   676
     185   1   1   1   0   1    678   200   201   677
     186   1   1   1   0   1    679   199   200   678
     187   1   1   1   0   1    680   198   199   679
     188   1   1   1   0   1    681   197   198   680
     189   1   1   1   0   1    695   196   197   681
     190   1   1   1   0   1    682   195   196   695
     191   1   1   1   0   1    683   194   195   682
     192   1   1   1   0   1    684   193   194   683
     193   1   1   1   0   1    649   192   193   684
     194   1   1   1   0   1    259   625   192   649
     195   1   1   1   0   1    667   223   224   666
     196   1   1   1   0   1    628   222   223   667
     197   1   1   1   0   1    668   221   222   628
     198   1   1   1   0   1    629   220   221   668
     199   1   1   1   0   1    757   614   366   648
     200   1   1   1   0   1    648   219   220   629
 

 
     201   1   1   1   0   1    366   218   219   648
     202   1   1   1   0   1    614   613   218   366
     203   1   1   1   0   1    638   376   269   640
     204   1   1   1   0   1    492   375   376   638
     205   1   1   1   0   1    626   491   375   492
     206   1   1   1   0   1    490   374   491   626
     207   1   1   1   0   1    489   373   374   490
     208   1   1   1   0   1    488   372   373   489
     209   1   1   1   0   1    639   371   372   488
     210   1   1   1   0   1    641   268   371   639
     211   1   1   1   0   1    643   250   268   641
     212   1   1   1   0   1    647   249   250   643
     213   1   1   1   0   1    655   248   249   647
     214   1   1   1   0   1    656   247   248   655
     215   1   1   1   0   1    685   246   247   656
     216   1   1   1   0   1    657   245   246   685
     217   1   1   1   0   1    686   244   245   657
     218   1   1   1   0   1    658   243   244   686
     219   1   1   1   0   1    658   241   242   243
     220   1   1   1   0   1    687   240   241   658
 

 
     221   1   1   1   0   1    659   239   240   687
     222   1   1   1   0   1    630   238   239   659
     223   1   1   1   0   1    660   237   238   630
     224   1   1   1   0   1    688   236   237   660
     225   1   1   1   0   1    661   235   236   688
     226   1   1   1   0   1    689   234   235   661
     227   1   1   1   0   1    662   233   234   689
     228   1   1   1   0   1    690   232   233   662
     229   1   1   1   0   1    663   231   232   690
     230   1   1   1   0   1    691   230   231   663
     231   1   1   1   0   1    692   229   230   691
     232   1   1   1   0   1    631   228   229   692
     233   1   1   1   0   1    664   227   228   631
     234   1   1   1   0   1    227   320   321   228
     235   1   1   1   0   1    228   321   322   229
     236   1   1   1   0   1    229   322   323   230
     237   1   1   1   0   1    230   323   324   231
     238   1   1   1   0   1    231   324   325   232
     239   1   1   1   0   1    232   325   326   233
     240   1   1   1   0   1    233   326   327   234
 

 
     241   1   1   1   0   1    234   327   328   235
     242   1   1   1   0   1    235   328   329   236
     243   1   1   1   0   1    236   329   330   237
     244   1   1   1   0   1    237   330   331   238
     245   1   1   1   0   1    238   331   332   239
     246   1   1   1   0   1    239   332   333   240
     247   1   1   1   0   1    240   333   334   241
     248   1   1   1   0   1    241   334   335   242
     249   1   1   1   0   1    218   309   310   219
     250   1   1   1   0   1    219   310   311   220
     251   1   1   1   0   1    220   311   312   221
     252   1   1   1   0   1    221   312   313   222
     253   1   1   1   0   1    222   313   314   223
     254   1   1   1   0   1    223   314   315   224
     255   1   1   1   0   1    224   315   316   225
     256   1   1   1   0   1    612   611   306   307
     257   1   1   1   0   1    611   610   305   306
     258   1   1   1   0   1    610   609   304   305
     259   1   1   1   0   1    609   495   303   304
     260   1   1   1   0   1    379   302   303   495
 

 
     261   1   1   1   0   1    380   301   302   379
     262   1   1   1   0   1    378   300   301   380
     263   1   1   1   0   1    271   299   300   378
     264   1   1   1   0   1    217   298   299   271
     265   1   1   1   0   1    216   297   298   217
     266   1   1   1   0   1    215   296   297   216
     267   1   1   1   0   1    214   295   296   215
     268   1   1   1   0   1    213   294   295   214
     269   1   1   1   0   1    212   293   294   213
     270   1   1   1   0   1    211   292   293   212
     271   1   1   1   0   1    210   291   292   211
     272   1   1   1   0   1    208   209   291   210
     273   1   1   1   0   1    208   289   290   209
     274   1   1   1   0   1    207   288   289   208
     275   1   1   1   0   1    206   287   288   207
     276   1   1   1   0   1    205   286   287   206
     277   1   1   1   0   1    204   285   286   205
     278   1   1   1   0   1    203   284   285   204
     279   1   1   1   0   1    202   283   284   203
     280   1   1   1   0   1    201   282   283   202
 

 
     281   1   1   1   0   1    200   281   282   201
     282   1   1   1   0   1    199   280   281   200
     283   1   1   1   0   1    198   279   280   199
     284   1   1   1   0   1    197   278   279   198
     285   1   1   1   0   1    196   277   278   197
     286   1   1   1   0   1    195   276   277   196
     287   1   1   1   0   1    194   275   276   195
     288   1   1   1   0   1    193   274   275   194
     289   1   1   1   0   1    192   273   274   193
     290   1   1   1   0   1    625   272   273   192
     291   1   1   1   0   1    625   364   365   272
     292   1   1   1   0   1    259   363   364   625
     293   1   1   1   0   1    258   362   363   259
     294   1   1   1   0   1    257   361   362   258
     295   1   1   1   0   1    256   360   361   257
     296   1   1   1   0   1    255   359   360   256
     297   1   1   1   0   1    254   358   359   255
     298   1   1   1   0   1    253   357   358   254
     299   1   1   1   0   1    252   356   357   253
     300   1   1   1   0   1    251   355   356   252
 

 
     301   1   1   1   0   1    269   354   355   251
     302   1   1   1   0   1    376   353   354   269
     303   1   1   1   0   1    375   352   353   376
     304   1   1   1   0   1    491   351   352   375
     305   1   1   1   0   1    374   350   351   491
     306   1   1   1   0   1    373   349   350   374
     307   1   1   1   0   1    372   348   349   373
     308   1   1   1   0   1    371   347   348   372
     309   1   1   1   0   1    268   346   347   371
     310   1   1   1   0   1    250   345   346   268
     311   1   1   1   0   1    249   344   345   250
     312   1   1   1   0   1    248   343   344   249
     313   1   1   1   0   1    247   342   343   248
     314   1   1   1   0   1    246   341   342   247
     315   1   1   1   0   1    245   340   341   246
     316   1   1   1   0   1    244   339   340   245
     317   1   1   1   0   1    243   338   339   244
     318   1   1   1   0   1    242   337   338   243
     319   1   1   1   0   1    335   336   337   242
     320   1   1   1   0   1    317   430   431   318
 

 
     321   1   1   1   0   1    316   429   430   317
     322   1   1   1   0   1    315   428   429   316
     323   1   1   1   0   1    314   427   428   315
     324   1   1   1   0   1    313   426   427   314
     325   1   1   1   0   1    312   425   426   313
     326   1   1   1   0   1    311   424   425   312
     327   1   1   1   0   1    310   423   424   311
     328   1   1   1   0   1    309   422   423   310
     329   1   1   1   0   1    308   421   422   309
     330   1   1   1   0   1    307   420   421   308
     331   1   1   1   0   1    306   419   420   307
     332   1   1   1   0   1    305   418   419   306
     333   1   1   1   0   1    304   417   418   305
     334   1   1   1   0   1    303   416   417   304
     335   1   1   1   0   1    302   415   416   303
     336   1   1   1   0   1    301   414   415   302
     337   1   1   1   0   1    300   413   414   301
     338   1   1   1   0   1    299   412   413   300
     339   1   1   1   0   1    298   411   412   299
     340   1   1   1   0   1    297   410   411   298
 

 
     341   1   1   1   0   1    296   409   410   297
     342   1   1   1   0   1    295   408   409   296
     343   1   1   1   0   1    294   407   408   295
     344   1   1   1   0   1    293   406   407   294
     345   1   1   1   0   1    292   405   406   293
     346   1   1   1   0   1    291   404   405   292
     347   1   1   1   0   1    209   403   404   291
     348   1   1   1   0   1    290   402   403   209
     349   1   1   1   0   1    290   400   401   402
     350   1   1   1   0   1    289   399   400   290
     351   1   1   1   0   1    288   398   399   289
     352   1   1   1   0   1    287   397   398   288
     353   1   1   1   0   1    286   396   397   287
     354   1   1   1   0   1    285   395   396   286
     355   1   1   1   0   1    284   394   395   285
     356   1   1   1   0   1    283   393   394   284
     357   1   1   1   0   1    282   392   393   283
     358   1   1   1   0   1    281   391   392   282
     359   1   1   1   0   1    280   390   391   281
     360   1   1   1   0   1    279   389   390   280
 

 
     361   1   1   1   0   1    278   388   389   279
     362   1   1   1   0   1    277   387   388   278
     363   1   1   1   0   1    276   386   387   277
     364   1   1   1   0   1    275   385   386   276
     365   1   1   1   0   1    274   384   385   275
     366   1   1   1   0   1    273   383   384   274
     367   1   1   1   0   1    272   382   383   273
     368   1   1   1   0   1    365   381   382   272
     369   1   1   1   0   1    365   483   484   381
     370   1   1   1   0   1    364   482   483   365
     371   1   1   1   0   1    363   481   482   364
     372   1   1   1   0   1    362   480   481   363
     373   1   1   1   0   1    361   479   480   362
     374   1   1   1   0   1    360   478   479   361
     375   1   1   1   0   1    359   477   478   360
     376   1   1   1   0   1    358   476   477   359
     377   1   1   1   0   1    357   475   476   358
     378   1   1   1   0   1    356   474   475   357
     379   1   1   1   0   1    355   473   474   356
     380   1   1   1   0   1    354   472   473   355
 

 
     381   1   1   1   0   1    353   471   472   354
     382   1   1   1   0   1    352   470   471   353
     383   1   1   1   0   1    351   469   470   352
     384   1   1   1   0   1    350   468   469   351
     385   1   1   1   0   1    349   467   468   350
     386   1   1   1   0   1    348   466   467   349
     387   1   1   1   0   1    347   465   466   348
     388   1   1   1   0   1    346   464   465   347
     389   1   1   1   0   1    345   463   464   346
     390   1   1   1   0   1    344   462   463   345
     391   1   1   1   0   1    343   461   462   344
     392   1   1   1   0   1    342   460   461   343
     393   1   1   1   0   1    341   459   460   342
     394   1   1   1   0   1    340   458   459   341
     395   1   1   1   0   1    339   457   458   340
     396   1   1   1   0   1    338   456   457   339
     397   1   1   1   0   1    337   455   456   338
     398   1   1   1   0   1    336   454   455   337
     399   1   1   1   0   1    336   452   453   454
     400   1   1   1   0   1    335   451   452   336
 

 
     401   1   1   1   0   1    334   450   451   335
     402   1   1   1   0   1    333   449   450   334
     403   1   1   1   0   1    332   448   449   333
     404   1   1   1   0   1    331   447   448   332
     405   1   1   1   0   1    330   446   447   331
     406   1   1   1   0   1    329   445   446   330
     407   1   1   1   0   1    328   444   445   329
     408   1   1   1   0   1    327   443   444   328
     409   1   1   1   0   1    326   442   443   327
     410   1   1   1   0   1    325   441   442   326
     411   1   1   1   0   1    324   440   441   325
     412   1   1   1   0   1    323   439   440   324
     413   1   1   1   0   1    322   438   439   323
     414   1   1   1   0   1    321   437   438   322
     415   1   1   1   0   1    320   436   437   321
     416   1   1   1   0   1    319   435   436   320
     417   1   1   1   0   1    226   434   435   319
     418   1   1   1   0   1    318   433   434   226
     419   1   1   1   0   1    431   432   433   318
     420   1   1   1   0   1    452   574   575   453
 

 
     421   1   1   1   0   1    451   573   574   452
     422   1   1   1   0   1    450   572   573   451
     423   1   1   1   0   1    449   571   572   450
     424   1   1   1   0   1    448   570   571   449
     425   1   1   1   0   1    447   569   570   448
     426   1   1   1   0   1    446   568   569   447
     427   1   1   1   0   1    445   567   568   446
     428   1   1   1   0   1    444   566   567   445
     429   1   1   1   0   1    443   565   566   444
     430   1   1   1   0   1    442   564   565   443
     431   1   1   1   0   1    441   563   564   442
     432   1   1   1   0   1    440   562   563   441
     433   1   1   1   0   1    439   561   562   440
     434   1   1   1   0   1    438   560   561   439
     435   1   1   1   0   1    437   559   560   438
     436   1   1   1   0   1    436   558   559   437
     437   1   1   1   0   1    435   557   558   436
     438   1   1   1   0   1    434   556   557   435
     439   1   1   1   0   1    433   555   556   434
     440   1   1   1   0   1    432   554   555   433
 

 
     441   1   1   1   0   1    432   552   553   554
     442   1   1   1   0   1    431   551   552   432
     443   1   1   1   0   1    430   550   551   431
     444   1   1   1   0   1    429   549   550   430
     445   1   1   1   0   1    428   548   549   429
     446   1   1   1   0   1    427   547   548   428
     447   1   1   1   0   1    426   546   547   427
     448   1   1   1   0   1    425   545   546   426
     449   1   1   1   0   1    424   544   545   425
     450   1   1   1   0   1    423   543   544   424
     451   1   1   1   0   1    422   542   543   423
     452   1   1   1   0   1    421   541   542   422
     453   1   1   1   0   1    420   540   541   421
     454   1   1   1   0   1    419   539   540   420
     455   1   1   1   0   1    418   538   539   419
     456   1   1   1   0   1    417   537   538   418
     457   1   1   1   0   1    416   536   537   417
     458   1   1   1   0   1    415   535   536   416
     459   1   1   1   0   1    414   534   535   415
     460   1   1   1   0   1    413   533   534   414
 

 
     461   1   1   1   0   1    412   532   533   413
     462   1   1   1   0   1    411   531   532   412
     463   1   1   1   0   1    410   530   531   411
     464   1   1   1   0   1    409   529   530   410
     465   1   1   1   0   1    408   528   529   409
     466   1   1   1   0   1    407   527   528   408
     467   1   1   1   0   1    406   526   527   407
     468   1   1   1   0   1    405   525   526   406
     469   1   1   1   0   1    404   524   525   405
     470   1   1   1   0   1    403   523   524   404
     471   1   1   1   0   1    402   522   523   403
     472   1   1   1   0   1    401   521   522   402
     473   1   1   1   0   1    401   519   520   521
     474   1   1   1   0   1    400   518   519   401
     475   1   1   1   0   1    399   517   518   400
     476   1   1   1   0   1    398   516   517   399
     477   1   1   1   0   1    397   515   516   398
     478   1   1   1   0   1    396   514   515   397
     479   1   1   1   0   1    395   513   514   396
     480   1   1   1   0   1    394   512   513   395
 

 
     481   1   1   1   0   1    393   511   512   394
     482   1   1   1   0   1    392   510   511   393
     483   1   1   1   0   1    391   509   510   392
     484   1   1   1   0   1    390   508   509   391
     485   1   1   1   0   1    389   507   508   390
     486   1   1   1   0   1    388   506   507   389
     487   1   1   1   0   1    387   505   506   388
     488   1   1   1   0   1    386   504   505   387
     489   1   1   1   0   1    385   503   504   386
     490   1   1   1   0   1    384   502   503   385
     491   1   1   1   0   1    383   501   502   384
     492   1   1   1   0   1    382   500   501   383
     493   1   1   1   0   1    381   499   500   382
     494   1   1   1   0   1    484   498   499   381
     495   1   1   1   0   1    484   608   497   498
     496   1   1   1   0   1    483   607   608   484
     497   1   1   1   0   1    482   606   607   483
     498   1   1   1   0   1    481   605   606   482
     499   1   1   1   0   1    480   604   605   481
     500   1   1   1   0   1    479   603   604   480
 

 
     501   1   1   1   0   1    478   602   603   479
     502   1   1   1   0   1    477   601   602   478
     503   1   1   1   0   1    476   600   601   477
     504   1   1   1   0   1    475   599   600   476
     505   1   1   1   0   1    474   598   599   475
     506   1   1   1   0   1    473   597   598   474
     507   1   1   1   0   1    472   596   597   473
     508   1   1   1   0   1    471   595   596   472
     509   1   1   1   0   1    470   594   595   471
     510   1   1   1   0   1    469   593   594   470
     511   1   1   1   0   1    468   592   593   469
     512   1   1   1   0   1    467   591   592   468
     513   1   1   1   0   1    466   590   591   467
     514   1   1   1   0   1    465   589   590   466
     515   1   1   1   0   1    464   588   589   465
     516   1   1   1   0   1    463   587   588   464
     517   1   1   1   0   1    462   586   587   463
     518   1   1   1   0   1    461   585   586   462
     519   1   1   1   0   1    460   584   585   461
     520   1   1   1   0   1    459   583   584   460
 

 
     521   1   1   1   0   1    458   582   583   459
     522   1   1   1   0   1    457   581   582   458
     523   1   1   1   0   1    456   580   581   457
     524   1   1   1   0   1    455   579   580   456
     525   1   1   1   0   1    454   578   579   455
     526   1   1   1   0   1    453   577   578   454
     527   1   1   1   0   1    575   576   577   453
     528   1   1   1   0   1    612   137   136   611
     529   1   1   1   0   1    613   138   137   612
     530   1   1   1   0   1    611   136   135   610
     531   1   1   1   0   1    614   139   138   613
     532   1   1   1   0   1    757   140   139   614
     533   1   1   1   0   1    756   141   140   757
     534   1   1   1   0   1    755   142   141   756
     535   1   1   1   0   1    610   135   134   609
     536   1   1   1   0   1    754   143   142   755
     537   1   1   1   0   1    609   134   133   495
     538   1   1   1   0   1    753   121   143   754
     539   1   1   1   0   1    752   123   121   753
     540   1   1   1   0   1    751   124   123   752
 

 
     541   1   1   1   0   1    485   125   124   751
     542   1   1   1   0   1    750   126   125   485
     543   1   1   1   0   1    749   127   126   750
     544   1   1   1   0   1    748   128   127   749
     545   1   1   1   0   1    745   129   128   748
     546   1   1   1   0   1    615   130   129   745
     547   1   1   1   0   1    616   131   130   615
     548   1   1   1   0   1    617   132   131   616
     549   1   1   1   0   1    618   122   132   617
     550   1   1   1   0   1    619   155   122   618
     551   1   1   1   0   1    620   156   155   619
     552   1   1   1   0   1    637   157   156   620
     553   1   1   1   0   1    636   158   157   637
     554   1   1   1   0   1    635   159   158   636
     555   1   1   1   0   1    634   160   159   635
     556   1   1   1   0   1    633   161   160   634
     557   1   1   1   0   1    697   162   161   633
     558   1   1   1   0   1    698   163   162   697
     559   1   1   1   0   1    699   164   163   698
     560   1   1   1   0   1    700   144   164   699
 

 
     561   1   1   1   0   1    701   145   144   700
     562   1   1   1   0   1    702   148   147   746
     563   1   1   1   0   1    632   149   148   702
     564   1   1   1   0   1    621   150   149   632
     565   1   1   1   0   1    622   151   150   621
     566   1   1   1   0   1    623   152   151   622
     567   1   1   1   0   1    624   153   152   623
     568   1   1   1   0   1    496   154   153   624
     569   1   1   1   0   1    495   133   154   496
     570   1   1   1   0   1    608   119   120   497
     571   1   1   1   0   1    607   118   119   608
     572   1   1   1   0   1    606   117   118   607
     573   1   1   1   0   1    605   116   117   606
     574   1   1   1   0   1    604   115   116   605
     575   1   1   1   0   1    603   114   115   604
     576   1   1   1   0   1    602   113   114   603
     577   1   1   1   0   1    601   112   113   602
     578   1   1   1   0   1    600   111   112   601
     579   1   1   1   0   1    599   110   111   600
     580   1   1   1   0   1    598   109   110   599
 

 
     581   1   1   1   0   1    597   108   109   598
     582   1   1   1   0   1    596   107   108   597
     583   1   1   1   0   1    595   106   107   596
     584   1   1   1   0   1    594   105   106   595
     585   1   1   1   0   1    593   104   105   594
     586   1   1   1   0   1    592   103   104   593
     587   1   1   1   0   1    591   102   103   592
     588   1   1   1   0   1    590   101   102   591
     589   1   1   1   0   1    589   100   101   590
     590   1   1   1   0   1    588    99   100   589
     591   1   1   1   0   1    587    98    99   588
     592   1   1   1   0   1    586    97    98   587
     593   1   1   1   0   1    585    96    97   586
     594   1   1   1   0   1    584    95    96   585
     595   1   1   1   0   1    583    94    95   584
     596   1   1   1   0   1    582    93    94   583
     597   1   1   1   0   1    581    92    93   582
     598   1   1   1   0   1    580    91    92   581
     599   1   1   1   0   1    579    90    91   580
     600   1   1   1   0   1    578    89    90   579
 

 
     601   1   1   1   0   1    577    88    89   578
     602   1   1   1   0   1    576    87    88   577
     603   1   1   1   0   1    576    86    62    87
     604   1   1   1   0   1    575    85    86   576
     605   1   1   1   0   1    574    84    85   575
     606   1   1   1   0   1    573    83    84   574
     607   1   1   1   0   1    572    82    83   573
     608   1   1   1   0   1    571    81    82   572
     609   1   1   1   0   1    570    80    81   571
     610   1   1   1   0   1    569    79    80   570
     611   1   1   1   0   1    568    78    79   569
     612   1   1   1   0   1    567    77    78   568
     613   1   1   1   0   1    566    76    77   567
     614   1   1   1   0   1    565    75    76   566
     615   1   1   1   0   1    564    74    75   565
     616   1   1   1   0   1    563    73    74   564
     617   1   1   1   0   1    562    72    73   563
     618   1   1   1   0   1    561    71    72   562
     619   1   1   1   0   1    560    70    71   561
     620   1   1   1   0   1    559    69    70   560
 

 
     621   1   1   1   0   1    558    68    69   559
     622   1   1   1   0   1    557    67    68   558
     623   1   1   1   0   1    556    66    67   557
     624   1   1   1   0   1    555    65    66   556
     625   1   1   1   0   1    554    64    65   555
     626   1   1   1   0   1    553    63    64   554
     627   1   1   1   0   1    553    61    27    63
     628   1   1   1   0   1    552    60    61   553
     629   1   1   1   0   1    551    59    60   552
     630   1   1   1   0   1    550    58    59   551
     631   1   1   1   0   1    549    57    58   550
     632   1   1   1   0   1    548    56    57   549
     633   1   1   1   0   1    547    55    56   548
     634   1   1   1   0   1    546    54    55   547
     635   1   1   1   0   1    545    53    54   546
     636   1   1   1   0   1    544    52    53   545
     637   1   1   1   0   1    543    51    52   544
     638   1   1   1   0   1    542    50    51   543
     639   1   1   1   0   1    541    49    50   542
     640   1   1   1   0   1    540    48    49   541
 

 
     641   1   1   1   0   1    539    47    48   540
     642   1   1   1   0   1    538    46    47   539
     643   1   1   1   0   1    537    45    46   538
     644   1   1   1   0   1    536    44    45   537
     645   1   1   1   0   1    535    43    44   536
     646   1   1   1   0   1    534    42    43   535
     647   1   1   1   0   1    533    41    42   534
     648   1   1   1   0   1    532    40    41   533
     649   1   1   1   0   1    531    39    40   532
     650   1   1   1   0   1    530    38    39   531
     651   1   1   1   0   1    529    37    38   530
     652   1   1   1   0   1    528    36    37   529
     653   1   1   1   0   1    527    35    36   528
     654   1   1   1   0   1    526    34    35   527
     655   1   1   1   0   1    525    33    34   526
     656   1   1   1   0   1    524    32    33   525
     657   1   1   1   0   1    523    31    32   524
     658   1   1   1   0   1    522    30    31   523
     659   1   1   1   0   1    521    29    30   522
     660   1   1   1   0   1    520    28    29   521
 

 
     661   1   1   1   0   1    520    26     2    28
     662   1   1   1   0   1    519    25    26   520
     663   1   1   1   0   1    518    24    25   519
     664   1   1   1   0   1    517    23    24   518
     665   1   1   1   0   1    516    22    23   517
     666   1   1   1   0   1    515    21    22   516
     667   1   1   1   0   1    514    20    21   515
     668   1   1   1   0   1    513    19    20   514
     669   1   1   1   0   1    512    18    19   513
     670   1   1   1   0   1    511    17    18   512
     671   1   1   1   0   1    510    16    17   511
     672   1   1   1   0   1    509    15    16   510
     673   1   1   1   0   1    508    14    15   509
     674   1   1   1   0   1    507    13    14   508
     675   1   1   1   0   1    506    12    13   507
     676   1   1   1   0   1    505    11    12   506
     677   1   1   1   0   1    504    10    11   505
     678   1   1   1   0   1    503     9    10   504
     679   1   1   1   0   1    502     8     9   503
     680   1   1   1   0   1    501     7     8   502
 

 
     681   1   1   1   0   1    500     6     7   501
     682   1   1   1   0   1    499     5     6   500
     683   1   1   1   0   1    498     4     5   499
     684   1   1   1   0   1    497     3     4   498
     685   1   1   1   0   1    120     1     3   497

