        1  -50.000       -70.000        0.0000          0.00     0.00     0.00
        2   50.000       -70.000        0.0000          0.00     0.00     0.00
        3  -46.000       -70.000        0.0000          0.00     0.00     0.00
        4  -42.000       -70.000        0.0000          0.00     0.00     0.00
        5  -38.000       -70.000        0.0000          0.00     0.00     0.00
        6  -34.000       -70.000        0.0000          0.00     0.00     0.00
        7  -30.000       -70.000        0.0000          0.00     0.00     0.00
        8  -26.000       -70.000        0.0000          0.00     0.00     0.00
        9  -22.000       -70.000        0.0000          0.00     0.00     0.00
       10  -18.000       -70.000        0.0000          0.00     0.00     0.00
       11  -14.000       -70.000        0.0000          0.00     0.00     0.00
       12  -10.000       -70.000        0.0000          0.00     0.00     0.00
       13  -6.0000       -70.000        0.0000          0.00     0.00     0.00
       14  -2.0000       -70.000        0.0000          0.00     0.00     0.00
       15   2.0000       -70.000        0.0000          0.00     0.00     0.00
       16   6.0000       -70.000        0.0000          0.00     0.00     0.00
       17   10.000       -70.000        0.0000          0.00     0.00     0.00
       18   14.000       -70.000        0.0000          0.00     0.00     0.00
       19   18.000       -70.000        0.0000          0.00     0.00     0.00
       20   22.000       -70.000        0.0000          0.00     0.00     0.00


       21   26.000       -70.000        0.0000          0.00     0.00     0.00
       22   30.000       -70.000        0.0000          0.00     0.00     0.00
       23   34.000       -70.000        0.0000          0.00     0.00     0.00
       24   38.000       -70.000        0.0000          0.00     0.00     0.00
       25   42.000       -70.000        0.0000          0.00     0.00     0.00
       26   46.000       -70.000        0.0000          0.00     0.00     0.00
       27   50.000        70.000        0.0000          0.00     0.00     0.00
       28   50.000       -66.000        0.0000          0.00     0.00     0.00
       29   50.000       -62.000        0.0000          0.00     0.00     0.00
       30   50.000       -58.000        0.0000          0.00     0.00     0.00
       31   50.000       -54.000        0.0000          0.00     0.00     0.00
       32   50.000       -50.000        0.0000          0.00     0.00     0.00
       33   50.000       -46.000        0.0000          0.00     0.00     0.00
       34   50.000       -42.000        0.0000          0.00     0.00     0.00
       35   50.000       -38.000        0.0000          0.00     0.00     0.00
       36   50.000       -34.000        0.0000          0.00     0.00     0.00
       37   50.000       -30.000        0.0000          0.00     0.00     0.00
       38   50.000       -26.000        0.0000          0.00     0.00     0.00
       39   50.000       -22.000        0.0000          0.00     0.00     0.00
       40   50.000       -18.000        0.0000          0.00     0.00     0.00


       41   50.000       -14.000        0.0000          0.00     0.00     0.00
       42   50.000       -10.000        0.0000          0.00     0.00     0.00
       43   50.000       -6.0000        0.0000          0.00     0.00     0.00
       44   50.000       -2.0000        0.0000          0.00     0.00     0.00
       45   50.000        2.0000        0.0000          0.00     0.00     0.00
       46   50.000        6.0000        0.0000          0.00     0.00     0.00
       47   50.000        10.000        0.0000          0.00     0.00     0.00
       48   50.000        14.000        0.0000          0.00     0.00     0.00
       49   50.000        18.000        0.0000          0.00     0.00     0.00
       50   50.000        22.000        0.0000          0.00     0.00     0.00
       51   50.000        26.000        0.0000          0.00     0.00     0.00
       52   50.000        30.000        0.0000          0.00     0.00     0.00
       53   50.000        34.000        0.0000          0.00     0.00     0.00
       54   50.000        38.000        0.0000          0.00     0.00     0.00
       55   50.000        42.000        0.0000          0.00     0.00     0.00
       56   50.000        46.000        0.0000          0.00     0.00     0.00
       57   50.000        50.000        0.0000          0.00     0.00     0.00
       58   50.000        54.000        0.0000          0.00     0.00     0.00
       59   50.000        58.000        0.0000          0.00     0.00     0.00
       60   50.000        62.000        0.0000          0.00     0.00     0.00


       61   50.000        66.000        0.0000          0.00     0.00     0.00
       62  -50.000        70.000        0.0000          0.00     0.00     0.00
       63   46.000        70.000        0.0000          0.00     0.00     0.00
       64   42.000        70.000        0.0000          0.00     0.00     0.00
       65   38.000        70.000        0.0000          0.00     0.00     0.00
       66   34.000        70.000        0.0000          0.00     0.00     0.00
       67   30.000        70.000        0.0000          0.00     0.00     0.00
       68   26.000        70.000        0.0000          0.00     0.00     0.00
       69   22.000        70.000        0.0000          0.00     0.00     0.00
       70   18.000        70.000        0.0000          0.00     0.00     0.00
       71   14.000        70.000        0.0000          0.00     0.00     0.00
       72   10.000        70.000        0.0000          0.00     0.00     0.00
       73   6.0000        70.000        0.0000          0.00     0.00     0.00
       74   2.0000        70.000        0.0000          0.00     0.00     0.00
       75  -2.0000        70.000        0.0000          0.00     0.00     0.00
       76  -6.0000        70.000        0.0000          0.00     0.00     0.00
       77  -10.000        70.000        0.0000          0.00     0.00     0.00
       78  -14.000        70.000        0.0000          0.00     0.00     0.00
       79  -18.000        70.000        0.0000          0.00     0.00     0.00
       80  -22.000        70.000        0.0000          0.00     0.00     0.00


       81  -26.000        70.000        0.0000          0.00     0.00     0.00
       82  -30.000        70.000        0.0000          0.00     0.00     0.00
       83  -34.000        70.000        0.0000          0.00     0.00     0.00
       84  -38.000        70.000        0.0000          0.00     0.00     0.00
       85  -42.000        70.000        0.0000          0.00     0.00     0.00
       86  -46.000        70.000        0.0000          0.00     0.00     0.00
       87  -50.000        66.000        0.0000          0.00     0.00     0.00
       88  -50.000        62.000        0.0000          0.00     0.00     0.00
       89  -50.000        58.000        0.0000          0.00     0.00     0.00
       90  -50.000        54.000        0.0000          0.00     0.00     0.00
       91  -50.000        50.000        0.0000          0.00     0.00     0.00
       92  -50.000        46.000        0.0000          0.00     0.00     0.00
       93  -50.000        42.000        0.0000          0.00     0.00     0.00
       94  -50.000        38.000        0.0000          0.00     0.00     0.00
       95  -50.000        34.000        0.0000          0.00     0.00     0.00
       96  -50.000        30.000        0.0000          0.00     0.00     0.00
       97  -50.000        26.000        0.0000          0.00     0.00     0.00
       98  -50.000        22.000        0.0000          0.00     0.00     0.00
       99  -50.000        18.000        0.0000          0.00     0.00     0.00
      100  -50.000        14.000        0.0000          0.00     0.00     0.00


      101  -50.000        10.000        0.0000          0.00     0.00     0.00
      102  -50.000        6.0000        0.0000          0.00     0.00     0.00
      103  -50.000        2.0000        0.0000          0.00     0.00     0.00
      104  -50.000       -2.0000        0.0000          0.00     0.00     0.00
      105  -50.000       -6.0000        0.0000          0.00     0.00     0.00
      106  -50.000       -10.000        0.0000          0.00     0.00     0.00
      107  -50.000       -14.000        0.0000          0.00     0.00     0.00
      108  -50.000       -18.000        0.0000          0.00     0.00     0.00
      109  -50.000       -22.000        0.0000          0.00     0.00     0.00
      110  -50.000       -26.000        0.0000          0.00     0.00     0.00
      111  -50.000       -30.000        0.0000          0.00     0.00     0.00
      112  -50.000       -34.000        0.0000          0.00     0.00     0.00
      113  -50.000       -38.000        0.0000          0.00     0.00     0.00
      114  -50.000       -42.000        0.0000          0.00     0.00     0.00
      115  -50.000       -46.000        0.0000          0.00     0.00     0.00
      116  -50.000       -50.000        0.0000          0.00     0.00     0.00
      117  -50.000       -54.000        0.0000          0.00     0.00     0.00
      118  -50.000       -58.000        0.0000          0.00     0.00     0.00
      119  -50.000       -62.000        0.0000          0.00     0.00     0.00
      120  -50.000       -66.000        0.0000          0.00     0.00     0.00


      121   0.0000        27.000        0.0000          0.00     0.00     0.00
      122  -27.000        0.0000        0.0000          0.00     0.00     0.00
      123  -3.8425        26.725        0.0000          0.00     0.00     0.00
      124  -7.6068        25.906        0.0000          0.00     0.00     0.00
      125  -11.216        24.560        0.0000          0.00     0.00     0.00
      126  -14.597        22.714        0.0000          0.00     0.00     0.00
      127  -17.681        20.405        0.0000          0.00     0.00     0.00
      128  -20.405        17.681        0.0000          0.00     0.00     0.00
      129  -22.714        14.597        0.0000          0.00     0.00     0.00
      130  -24.560        11.216        0.0000          0.00     0.00     0.00
      131  -25.906        7.6068        0.0000          0.00     0.00     0.00
      132  -26.725        3.8425        0.0000          0.00     0.00     0.00
      133   27.000        0.0000        0.0000          0.00     0.00     0.00
      134   26.725        3.8425        0.0000          0.00     0.00     0.00
      135   25.906        7.6068        0.0000          0.00     0.00     0.00
      136   24.560        11.216        0.0000          0.00     0.00     0.00
      137   22.714        14.597        0.0000          0.00     0.00     0.00
      138   20.405        17.681        0.0000          0.00     0.00     0.00
      139   17.681        20.405        0.0000          0.00     0.00     0.00
      140   14.597        22.714        0.0000          0.00     0.00     0.00


      141   11.216        24.560        0.0000          0.00     0.00     0.00
      142   7.6068        25.906        0.0000          0.00     0.00     0.00
      143   3.8425        26.725        0.0000          0.00     0.00     0.00
      144   0.0000       -27.000        0.0000          0.00     0.00     0.00
      145   3.8425       -26.725        0.0000          0.00     0.00     0.00
      146   7.6068       -25.906        0.0000          0.00     0.00     0.00
      147   11.216       -24.560        0.0000          0.00     0.00     0.00
      148   14.597       -22.714        0.0000          0.00     0.00     0.00
      149   17.681       -20.405        0.0000          0.00     0.00     0.00
      150   20.405       -17.681        0.0000          0.00     0.00     0.00
      151   22.714       -14.597        0.0000          0.00     0.00     0.00
      152   24.560       -11.216        0.0000          0.00     0.00     0.00
      153   25.906       -7.6068        0.0000          0.00     0.00     0.00
      154   26.725       -3.8425        0.0000          0.00     0.00     0.00
      155  -26.725       -3.8425        0.0000          0.00     0.00     0.00
      156  -25.906       -7.6068        0.0000          0.00     0.00     0.00
      157  -24.560       -11.216        0.0000          0.00     0.00     0.00
      158  -22.714       -14.597        0.0000          0.00     0.00     0.00
      159  -20.405       -17.681        0.0000          0.00     0.00     0.00
      160  -17.681       -20.405        0.0000          0.00     0.00     0.00


      161  -14.597       -22.714        0.0000          0.00     0.00     0.00
      162  -11.216       -24.560        0.0000          0.00     0.00     0.00
      163  -7.6068       -25.906        0.0000          0.00     0.00     0.00
      164  -3.8425       -26.725        0.0000          0.00     0.00     0.00
      165   11.020       -29.599        0.0000          0.00     0.00     0.00
      166  -9.0356        32.826        0.0000          0.00     0.00     0.00
      167  -18.499       -38.962        0.0000          0.00     0.00     0.00
      168  -22.265       -41.189        0.0000          0.00     0.00     0.00
      169  -19.399        41.806        0.0000          0.00     0.00     0.00
      170  -14.982        43.509        0.0000          0.00     0.00     0.00
      171  -16.275        40.069        0.0000          0.00     0.00     0.00
      172  -17.504        43.940        0.0000          0.00     0.00     0.00
      173  -24.593       -37.780        0.0000          0.00     0.00     0.00
      174   24.129        42.661        0.0000          0.00     0.00     0.00
      175   26.184        45.825        0.0000          0.00     0.00     0.00
      176   28.807        48.270        0.0000          0.00     0.00     0.00
      177   11.491        35.447        0.0000          0.00     0.00     0.00
      178  -2.0172        40.145        0.0000          0.00     0.00     0.00
      179  -8.6140        42.763        0.0000          0.00     0.00     0.00
      180  -17.234        36.729        0.0000          0.00     0.00     0.00


      181  -13.303       -35.955        0.0000          0.00     0.00     0.00
      182  -7.4429       -36.831        0.0000          0.00     0.00     0.00
      183   2.6118       -38.021        0.0000          0.00     0.00     0.00
      184   6.6783        36.555        0.0000          0.00     0.00     0.00
      185  -6.1062        37.031        0.0000          0.00     0.00     0.00
      186  -5.3411        41.685        0.0000          0.00     0.00     0.00
      187  -11.873        43.119        0.0000          0.00     0.00     0.00
      188  -21.091        37.457        0.0000          0.00     0.00     0.00
      189  -21.695        33.630        0.0000          0.00     0.00     0.00
      190  -2.2677       -37.329        0.0000          0.00     0.00     0.00
      191   12.047       -40.195        0.0000          0.00     0.00     0.00
      192  -29.450       -54.006        0.0000          0.00     0.00     0.00
      193  -25.278       -53.796        0.0000          0.00     0.00     0.00
      194  -21.114       -53.403        0.0000          0.00     0.00     0.00
      195  -17.004       -52.952        0.0000          0.00     0.00     0.00
      196  -12.942       -52.661        0.0000          0.00     0.00     0.00
      197  -8.9730       -52.971        0.0000          0.00     0.00     0.00
      198  -4.9373       -53.202        0.0000          0.00     0.00     0.00
      199 -0.90379       -53.368        0.0000          0.00     0.00     0.00
      200   3.0636       -53.408        0.0000          0.00     0.00     0.00


      201   7.0225       -53.485        0.0000          0.00     0.00     0.00
      202   10.926       -53.528        0.0000          0.00     0.00     0.00
      203   14.789       -53.503        0.0000          0.00     0.00     0.00
      204   18.642       -53.547        0.0000          0.00     0.00     0.00
      205   22.506       -53.555        0.0000          0.00     0.00     0.00
      206   26.354       -53.499        0.0000          0.00     0.00     0.00
      207   30.227       -53.442        0.0000          0.00     0.00     0.00
      208   34.116       -53.422        0.0000          0.00     0.00     0.00
      209   38.037       -53.436        0.0000          0.00     0.00     0.00
      210   34.021       -49.310        0.0000          0.00     0.00     0.00
      211   33.830       -45.164        0.0000          0.00     0.00     0.00
      212   33.451       -41.002        0.0000          0.00     0.00     0.00
      213   32.680       -36.735        0.0000          0.00     0.00     0.00
      214   31.696       -32.511        0.0000          0.00     0.00     0.00
      215   30.845       -28.541        0.0000          0.00     0.00     0.00
      216   30.976       -24.770        0.0000          0.00     0.00     0.00
      217   32.095       -21.018        0.0000          0.00     0.00     0.00
      218   30.494        21.482        0.0000          0.00     0.00     0.00
      219   31.071        26.727        0.0000          0.00     0.00     0.00
      220   31.227        31.039        0.0000          0.00     0.00     0.00


      221   31.847        35.115        0.0000          0.00     0.00     0.00
      222   32.860        38.949        0.0000          0.00     0.00     0.00
      223   33.941        42.691        0.0000          0.00     0.00     0.00
      224   34.299        46.756        0.0000          0.00     0.00     0.00
      225   33.307        49.570        0.0000          0.00     0.00     0.00
      226   31.284        56.080        0.0000          0.00     0.00     0.00
      227   26.569        54.302        0.0000          0.00     0.00     0.00
      228   22.244        52.898        0.0000          0.00     0.00     0.00
      229   18.280        51.419        0.0000          0.00     0.00     0.00
      230   14.219        51.101        0.0000          0.00     0.00     0.00
      231   9.9451        51.547        0.0000          0.00     0.00     0.00
      232   5.7429        52.129        0.0000          0.00     0.00     0.00
      233   1.6244        52.833        0.0000          0.00     0.00     0.00
      234  -2.4141        53.331        0.0000          0.00     0.00     0.00
      235  -6.4172        53.769        0.0000          0.00     0.00     0.00
      236  -10.332        53.905        0.0000          0.00     0.00     0.00
      237  -14.292        54.120        0.0000          0.00     0.00     0.00
      238  -18.247        54.034        0.0000          0.00     0.00     0.00
      239  -22.146        53.757        0.0000          0.00     0.00     0.00
      240  -26.024        53.520        0.0000          0.00     0.00     0.00


      241  -29.891        53.370        0.0000          0.00     0.00     0.00
      242  -33.851        53.408        0.0000          0.00     0.00     0.00
      243  -33.665        49.271        0.0000          0.00     0.00     0.00
      244  -33.604        45.227        0.0000          0.00     0.00     0.00
      245  -33.559        41.308        0.0000          0.00     0.00     0.00
      246  -33.578        37.435        0.0000          0.00     0.00     0.00
      247  -33.715        33.551        0.0000          0.00     0.00     0.00
      248  -33.845        29.566        0.0000          0.00     0.00     0.00
      249  -33.908        25.515        0.0000          0.00     0.00     0.00
      250  -33.864        21.449        0.0000          0.00     0.00     0.00
      251  -32.063       -19.650        0.0000          0.00     0.00     0.00
      252  -30.883       -23.679        0.0000          0.00     0.00     0.00
      253  -31.352       -27.465        0.0000          0.00     0.00     0.00
      254  -31.209       -31.150        0.0000          0.00     0.00     0.00
      255  -32.592       -34.940        0.0000          0.00     0.00     0.00
      256  -33.553       -38.788        0.0000          0.00     0.00     0.00
      257  -33.931       -42.675        0.0000          0.00     0.00     0.00
      258  -33.766       -46.472        0.0000          0.00     0.00     0.00
      259  -33.607       -50.237        0.0000          0.00     0.00     0.00
      260   16.342        33.932        0.0000          0.00     0.00     0.00


      261   1.4084        37.427        0.0000          0.00     0.00     0.00
      262  -7.0851        39.243        0.0000          0.00     0.00     0.00
      263  -9.7360        39.473        0.0000          0.00     0.00     0.00
      264  -13.011        39.707        0.0000          0.00     0.00     0.00
      265  -13.367        36.130        0.0000          0.00     0.00     0.00
      266  -17.579        33.068        0.0000          0.00     0.00     0.00
      267  -22.283        29.999        0.0000          0.00     0.00     0.00
      268  -34.061        17.459        0.0000          0.00     0.00     0.00
      269  -33.219       -15.641        0.0000          0.00     0.00     0.00
      270   27.441       -20.154        0.0000          0.00     0.00     0.00
      271   33.238       -17.276        0.0000          0.00     0.00     0.00
      272  -33.588       -57.989        0.0000          0.00     0.00     0.00
      273  -29.517       -57.977        0.0000          0.00     0.00     0.00
      274  -25.425       -57.831        0.0000          0.00     0.00     0.00
      275  -21.311       -57.598        0.0000          0.00     0.00     0.00
      276  -17.231       -57.358        0.0000          0.00     0.00     0.00
      277  -13.244       -57.254        0.0000          0.00     0.00     0.00
      278  -9.2642       -57.426        0.0000          0.00     0.00     0.00
      279  -5.2518       -57.540        0.0000          0.00     0.00     0.00
      280  -1.2527       -57.540        0.0000          0.00     0.00     0.00


      281   2.7318       -57.558        0.0000          0.00     0.00     0.00
      282   6.7081       -57.601        0.0000          0.00     0.00     0.00
      283   10.688       -57.613        0.0000          0.00     0.00     0.00
      284   14.657       -57.624        0.0000          0.00     0.00     0.00
      285   18.555       -57.655        0.0000          0.00     0.00     0.00
      286   22.500       -57.642        0.0000          0.00     0.00     0.00
      287   26.373       -57.589        0.0000          0.00     0.00     0.00
      288   30.246       -57.562        0.0000          0.00     0.00     0.00
      289   34.147       -57.560        0.0000          0.00     0.00     0.00
      290   38.069       -57.537        0.0000          0.00     0.00     0.00
      291   37.970       -49.375        0.0000          0.00     0.00     0.00
      292   37.818       -45.289        0.0000          0.00     0.00     0.00
      293   37.507       -41.138        0.0000          0.00     0.00     0.00
      294   37.009       -36.979        0.0000          0.00     0.00     0.00
      295   36.454       -32.929        0.0000          0.00     0.00     0.00
      296   36.133       -29.034        0.0000          0.00     0.00     0.00
      297   36.166       -25.224        0.0000          0.00     0.00     0.00
      298   36.718       -21.446        0.0000          0.00     0.00     0.00
      299   37.419       -17.561        0.0000          0.00     0.00     0.00
      300   37.992       -13.547        0.0000          0.00     0.00     0.00


      301   38.081       -9.3886        0.0000          0.00     0.00     0.00
      302   37.453       -5.0816        0.0000          0.00     0.00     0.00
      303   36.518      -0.93186        0.0000          0.00     0.00     0.00
      304   35.794        3.1243        0.0000          0.00     0.00     0.00
      305   35.504        7.2000        0.0000          0.00     0.00     0.00
      306   34.936        10.982        0.0000          0.00     0.00     0.00
      307   34.607        14.692        0.0000          0.00     0.00     0.00
      308   34.780        18.311        0.0000          0.00     0.00     0.00
      309   35.278        22.297        0.0000          0.00     0.00     0.00
      310   35.679        26.305        0.0000          0.00     0.00     0.00
      311   36.064        30.461        0.0000          0.00     0.00     0.00
      312   36.575        34.451        0.0000          0.00     0.00     0.00
      313   37.227        38.376        0.0000          0.00     0.00     0.00
      314   37.775        42.341        0.0000          0.00     0.00     0.00
      315   38.065        46.265        0.0000          0.00     0.00     0.00
      316   37.613        50.005        0.0000          0.00     0.00     0.00
      317   36.951        53.598        0.0000          0.00     0.00     0.00
      318   36.636        57.317        0.0000          0.00     0.00     0.00
      319   28.715        58.709        0.0000          0.00     0.00     0.00
      320   25.524        57.920        0.0000          0.00     0.00     0.00


      321   21.688        57.220        0.0000          0.00     0.00     0.00
      322   17.813        56.584        0.0000          0.00     0.00     0.00
      323   13.902        56.462        0.0000          0.00     0.00     0.00
      324   9.9452        56.492        0.0000          0.00     0.00     0.00
      325   5.8924        56.790        0.0000          0.00     0.00     0.00
      326   1.8212        57.161        0.0000          0.00     0.00     0.00
      327  -2.2311        57.511        0.0000          0.00     0.00     0.00
      328  -6.2917        57.774        0.0000          0.00     0.00     0.00
      329  -10.260        57.888        0.0000          0.00     0.00     0.00
      330  -14.240        57.900        0.0000          0.00     0.00     0.00
      331  -18.232        57.870        0.0000          0.00     0.00     0.00
      332  -22.173        57.745        0.0000          0.00     0.00     0.00
      333  -26.102        57.629        0.0000          0.00     0.00     0.00
      334  -30.020        57.555        0.0000          0.00     0.00     0.00
      335  -33.971        57.549        0.0000          0.00     0.00     0.00
      336  -37.993        57.630        0.0000          0.00     0.00     0.00
      337  -37.915        53.507        0.0000          0.00     0.00     0.00
      338  -37.790        49.458        0.0000          0.00     0.00     0.00
      339  -37.729        45.438        0.0000          0.00     0.00     0.00
      340  -37.683        41.472        0.0000          0.00     0.00     0.00


      341  -37.694        37.506        0.0000          0.00     0.00     0.00
      342  -37.733        33.550        0.0000          0.00     0.00     0.00
      343  -37.770        29.565        0.0000          0.00     0.00     0.00
      344  -37.802        25.560        0.0000          0.00     0.00     0.00
      345  -37.803        21.563        0.0000          0.00     0.00     0.00
      346  -37.972        17.589        0.0000          0.00     0.00     0.00
      347  -38.133        13.574        0.0000          0.00     0.00     0.00
      348  -38.371        9.4830        0.0000          0.00     0.00     0.00
      349  -38.597        5.3176        0.0000          0.00     0.00     0.00
      350  -38.797        1.1296        0.0000          0.00     0.00     0.00
      351  -38.747       -3.0439        0.0000          0.00     0.00     0.00
      352  -38.471       -7.1848        0.0000          0.00     0.00     0.00
      353  -38.025       -11.266        0.0000          0.00     0.00     0.00
      354  -37.426       -15.349        0.0000          0.00     0.00     0.00
      355  -36.741       -19.338        0.0000          0.00     0.00     0.00
      356  -36.291       -23.184        0.0000          0.00     0.00     0.00
      357  -36.137       -26.986        0.0000          0.00     0.00     0.00
      358  -36.496       -30.752        0.0000          0.00     0.00     0.00
      359  -37.028       -34.529        0.0000          0.00     0.00     0.00
      360  -37.545       -38.471        0.0000          0.00     0.00     0.00


      361  -37.864       -42.480        0.0000          0.00     0.00     0.00
      362  -37.796       -46.354        0.0000          0.00     0.00     0.00
      363  -37.739       -50.213        0.0000          0.00     0.00     0.00
      364  -37.658       -54.067        0.0000          0.00     0.00     0.00
      365  -37.673       -57.955        0.0000          0.00     0.00     0.00
      366   26.607        23.803        0.0000          0.00     0.00     0.00
      367  -4.2596        34.610        0.0000          0.00     0.00     0.00
      368  -13.385        32.488        0.0000          0.00     0.00     0.00
      369  -18.221        29.879        0.0000          0.00     0.00     0.00
      370  -22.919        26.474        0.0000          0.00     0.00     0.00
      371  -34.365        13.424        0.0000          0.00     0.00     0.00
      372  -34.871        9.3048        0.0000          0.00     0.00     0.00
      373  -35.263        5.0774        0.0000          0.00     0.00     0.00
      374  -35.382       0.79215        0.0000          0.00     0.00     0.00
      375  -34.871       -7.5274        0.0000          0.00     0.00     0.00
      376  -34.187       -11.602        0.0000          0.00     0.00     0.00
      377   29.061       -16.636        0.0000          0.00     0.00     0.00
      378   34.179       -13.481        0.0000          0.00     0.00     0.00
      379   34.092       -5.4794        0.0000          0.00     0.00     0.00
      380   34.644       -9.5987        0.0000          0.00     0.00     0.00


      381  -37.754       -61.945        0.0000          0.00     0.00     0.00
      382  -33.684       -61.962        0.0000          0.00     0.00     0.00
      383  -29.631       -61.937        0.0000          0.00     0.00     0.00
      384  -25.579       -61.851        0.0000          0.00     0.00     0.00
      385  -21.511       -61.715        0.0000          0.00     0.00     0.00
      386  -17.480       -61.670        0.0000          0.00     0.00     0.00
      387  -13.476       -61.642        0.0000          0.00     0.00     0.00
      388  -9.4851       -61.623        0.0000          0.00     0.00     0.00
      389  -5.4958       -61.619        0.0000          0.00     0.00     0.00
      390  -1.5033       -61.632        0.0000          0.00     0.00     0.00
      391   2.4891       -61.641        0.0000          0.00     0.00     0.00
      392   6.4874       -61.641        0.0000          0.00     0.00     0.00
      393   10.485       -61.638        0.0000          0.00     0.00     0.00
      394   14.441       -61.713        0.0000          0.00     0.00     0.00
      395   18.407       -61.731        0.0000          0.00     0.00     0.00
      396   22.363       -61.740        0.0000          0.00     0.00     0.00
      397   26.288       -61.724        0.0000          0.00     0.00     0.00
      398   30.213       -61.701        0.0000          0.00     0.00     0.00
      399   34.134       -61.673        0.0000          0.00     0.00     0.00
      400   38.069       -61.687        0.0000          0.00     0.00     0.00


      401   42.011       -61.735        0.0000          0.00     0.00     0.00
      402   42.019       -57.628        0.0000          0.00     0.00     0.00
      403   42.009       -53.543        0.0000          0.00     0.00     0.00
      404   41.962       -49.516        0.0000          0.00     0.00     0.00
      405   41.870       -45.484        0.0000          0.00     0.00     0.00
      406   41.656       -41.390        0.0000          0.00     0.00     0.00
      407   41.342       -37.309        0.0000          0.00     0.00     0.00
      408   41.067       -33.315        0.0000          0.00     0.00     0.00
      409   40.947       -29.406        0.0000          0.00     0.00     0.00
      410   41.055       -25.544        0.0000          0.00     0.00     0.00
      411   41.328       -21.661        0.0000          0.00     0.00     0.00
      412   41.646       -17.687        0.0000          0.00     0.00     0.00
      413   41.872       -13.577        0.0000          0.00     0.00     0.00
      414   41.832       -9.4358        0.0000          0.00     0.00     0.00
      415   41.492       -5.3091        0.0000          0.00     0.00     0.00
      416   41.080       -1.1887        0.0000          0.00     0.00     0.00
      417   40.633        2.8687        0.0000          0.00     0.00     0.00
      418   40.535        6.8886        0.0000          0.00     0.00     0.00
      419   40.162        10.767        0.0000          0.00     0.00     0.00
      420   40.004        14.538        0.0000          0.00     0.00     0.00


      421   40.017        18.338        0.0000          0.00     0.00     0.00
      422   40.215        22.214        0.0000          0.00     0.00     0.00
      423   40.491        26.180        0.0000          0.00     0.00     0.00
      424   40.813        30.154        0.0000          0.00     0.00     0.00
      425   41.182        34.143        0.0000          0.00     0.00     0.00
      426   41.542        38.137        0.0000          0.00     0.00     0.00
      427   41.826        42.149        0.0000          0.00     0.00     0.00
      428   41.873        46.192        0.0000          0.00     0.00     0.00
      429   41.784        50.112        0.0000          0.00     0.00     0.00
      430   41.441        53.942        0.0000          0.00     0.00     0.00
      431   41.286        57.758        0.0000          0.00     0.00     0.00
      432   41.393        61.692        0.0000          0.00     0.00     0.00
      433   37.018        61.291        0.0000          0.00     0.00     0.00
      434   33.143        61.295        0.0000          0.00     0.00     0.00
      435   29.374        61.783        0.0000          0.00     0.00     0.00
      436   25.390        61.955        0.0000          0.00     0.00     0.00
      437   21.546        61.717        0.0000          0.00     0.00     0.00
      438   17.655        61.443        0.0000          0.00     0.00     0.00
      439   13.707        61.403        0.0000          0.00     0.00     0.00
      440   9.7296        61.440        0.0000          0.00     0.00     0.00


      441   5.8392        61.344        0.0000          0.00     0.00     0.00
      442   1.8372        61.532        0.0000          0.00     0.00     0.00
      443  -2.1832        61.706        0.0000          0.00     0.00     0.00
      444  -6.2034        61.830        0.0000          0.00     0.00     0.00
      445  -10.240        61.856        0.0000          0.00     0.00     0.00
      446  -14.244        61.817        0.0000          0.00     0.00     0.00
      447  -18.207        61.773        0.0000          0.00     0.00     0.00
      448  -22.164        61.792        0.0000          0.00     0.00     0.00
      449  -26.119        61.709        0.0000          0.00     0.00     0.00
      450  -30.092        61.686        0.0000          0.00     0.00     0.00
      451  -34.076        61.699        0.0000          0.00     0.00     0.00
      452  -38.033        61.753        0.0000          0.00     0.00     0.00
      453  -42.032        61.832        0.0000          0.00     0.00     0.00
      454  -42.015        57.737        0.0000          0.00     0.00     0.00
      455  -41.953        53.664        0.0000          0.00     0.00     0.00
      456  -41.867        49.630        0.0000          0.00     0.00     0.00
      457  -41.805        45.596        0.0000          0.00     0.00     0.00
      458  -41.750        41.608        0.0000          0.00     0.00     0.00
      459  -41.772        37.634        0.0000          0.00     0.00     0.00
      460  -41.780        33.644        0.0000          0.00     0.00     0.00


      461  -41.765        29.652        0.0000          0.00     0.00     0.00
      462  -41.773        25.664        0.0000          0.00     0.00     0.00
      463  -41.840        21.698        0.0000          0.00     0.00     0.00
      464  -41.916        17.702        0.0000          0.00     0.00     0.00
      465  -41.892        13.653        0.0000          0.00     0.00     0.00
      466  -41.961        9.6310        0.0000          0.00     0.00     0.00
      467  -42.157        5.5608        0.0000          0.00     0.00     0.00
      468  -42.340        1.4328        0.0000          0.00     0.00     0.00
      469  -42.351       -2.6926        0.0000          0.00     0.00     0.00
      470  -42.225       -6.7946        0.0000          0.00     0.00     0.00
      471  -41.963       -10.863        0.0000          0.00     0.00     0.00
      472  -41.654       -14.890        0.0000          0.00     0.00     0.00
      473  -41.331       -18.842        0.0000          0.00     0.00     0.00
      474  -41.032       -22.766        0.0000          0.00     0.00     0.00
      475  -40.999       -26.602        0.0000          0.00     0.00     0.00
      476  -41.162       -30.441        0.0000          0.00     0.00     0.00
      477  -41.433       -34.331        0.0000          0.00     0.00     0.00
      478  -41.729       -38.293        0.0000          0.00     0.00     0.00
      479  -41.807       -42.333        0.0000          0.00     0.00     0.00
      480  -41.846       -46.239        0.0000          0.00     0.00     0.00


      481  -41.833       -50.120        0.0000          0.00     0.00     0.00
      482  -41.796       -54.004        0.0000          0.00     0.00     0.00
      483  -41.789       -57.958        0.0000          0.00     0.00     0.00
      484  -41.807       -61.917        0.0000          0.00     0.00     0.00
      485  -13.709        28.243        0.0000          0.00     0.00     0.00
      486  -19.294        26.564        0.0000          0.00     0.00     0.00
      487  -23.216        22.786        0.0000          0.00     0.00     0.00
      488  -31.445        8.9568        0.0000          0.00     0.00     0.00
      489  -32.118        4.7393        0.0000          0.00     0.00     0.00
      490  -32.241       0.45658        0.0000          0.00     0.00     0.00
      491  -35.240       -3.3812        0.0000          0.00     0.00     0.00
      492  -31.474       -7.8029        0.0000          0.00     0.00     0.00
      493   30.481       -13.099        0.0000          0.00     0.00     0.00
      494   31.300       -9.6486        0.0000          0.00     0.00     0.00
      495   31.733       -1.2097        0.0000          0.00     0.00     0.00
      496   29.390       -5.0672        0.0000          0.00     0.00     0.00
      497  -45.909       -65.955        0.0000          0.00     0.00     0.00
      498  -41.877       -65.924        0.0000          0.00     0.00     0.00
      499  -37.863       -65.964        0.0000          0.00     0.00     0.00
      500  -33.817       -65.992        0.0000          0.00     0.00     0.00


      501  -29.786       -65.954        0.0000          0.00     0.00     0.00
      502  -25.723       -65.874        0.0000          0.00     0.00     0.00
      503  -21.715       -65.838        0.0000          0.00     0.00     0.00
      504  -17.706       -65.823        0.0000          0.00     0.00     0.00
      505  -13.718       -65.816        0.0000          0.00     0.00     0.00
      506  -9.7312       -65.808        0.0000          0.00     0.00     0.00
      507  -5.7421       -65.806        0.0000          0.00     0.00     0.00
      508  -1.7716       -65.848        0.0000          0.00     0.00     0.00
      509   2.2262       -65.843        0.0000          0.00     0.00     0.00
      510   6.2250       -65.839        0.0000          0.00     0.00     0.00
      511   10.224       -65.836        0.0000          0.00     0.00     0.00
      512   14.225       -65.834        0.0000          0.00     0.00     0.00
      513   18.201       -65.869        0.0000          0.00     0.00     0.00
      514   22.184       -65.875        0.0000          0.00     0.00     0.00
      515   26.165       -65.871        0.0000          0.00     0.00     0.00
      516   30.134       -65.832        0.0000          0.00     0.00     0.00
      517   34.095       -65.819        0.0000          0.00     0.00     0.00
      518   38.051       -65.824        0.0000          0.00     0.00     0.00
      519   41.971       -65.822        0.0000          0.00     0.00     0.00
      520   45.986       -65.914        0.0000          0.00     0.00     0.00


      521   45.980       -61.832        0.0000          0.00     0.00     0.00
      522   45.996       -57.797        0.0000          0.00     0.00     0.00
      523   45.993       -53.768        0.0000          0.00     0.00     0.00
      524   45.999       -49.717        0.0000          0.00     0.00     0.00
      525   45.914       -45.741        0.0000          0.00     0.00     0.00
      526   45.842       -41.693        0.0000          0.00     0.00     0.00
      527   45.700       -37.655        0.0000          0.00     0.00     0.00
      528   45.602       -33.678        0.0000          0.00     0.00     0.00
      529   45.566       -29.727        0.0000          0.00     0.00     0.00
      530   45.672       -25.770        0.0000          0.00     0.00     0.00
      531   45.773       -21.788        0.0000          0.00     0.00     0.00
      532   45.846       -17.797        0.0000          0.00     0.00     0.00
      533   45.878       -13.750        0.0000          0.00     0.00     0.00
      534   45.842       -9.6898        0.0000          0.00     0.00     0.00
      535   45.712       -5.6291        0.0000          0.00     0.00     0.00
      536   45.534       -1.5523        0.0000          0.00     0.00     0.00
      537   45.372        2.4625        0.0000          0.00     0.00     0.00
      538   45.268        6.4504        0.0000          0.00     0.00     0.00
      539   45.148        10.409        0.0000          0.00     0.00     0.00
      540   45.062        14.305        0.0000          0.00     0.00     0.00


      541   45.156        18.213        0.0000          0.00     0.00     0.00
      542   45.172        22.112        0.0000          0.00     0.00     0.00
      543   45.310        26.052        0.0000          0.00     0.00     0.00
      544   45.475        30.026        0.0000          0.00     0.00     0.00
      545   45.647        34.022        0.0000          0.00     0.00     0.00
      546   45.804        38.041        0.0000          0.00     0.00     0.00
      547   45.904        42.085        0.0000          0.00     0.00     0.00
      548   45.904        46.139        0.0000          0.00     0.00     0.00
      549   45.872        50.118        0.0000          0.00     0.00     0.00
      550   45.785        54.034        0.0000          0.00     0.00     0.00
      551   45.712        57.965        0.0000          0.00     0.00     0.00
      552   45.731        61.909        0.0000          0.00     0.00     0.00
      553   45.832        65.914        0.0000          0.00     0.00     0.00
      554   41.684        65.791        0.0000          0.00     0.00     0.00
      555   37.635        65.674        0.0000          0.00     0.00     0.00
      556   33.663        65.727        0.0000          0.00     0.00     0.00
      557   29.719        65.819        0.0000          0.00     0.00     0.00
      558   25.729        65.937        0.0000          0.00     0.00     0.00
      559   21.730        65.885        0.0000          0.00     0.00     0.00
      560   17.772        65.891        0.0000          0.00     0.00     0.00


      561   13.791        65.817        0.0000          0.00     0.00     0.00
      562   9.8108        65.746        0.0000          0.00     0.00     0.00
      563   5.7745        65.840        0.0000          0.00     0.00     0.00
      564   1.8178        65.880        0.0000          0.00     0.00     0.00
      565  -2.1796        65.910        0.0000          0.00     0.00     0.00
      566  -6.1809        65.921        0.0000          0.00     0.00     0.00
      567  -10.179        65.913        0.0000          0.00     0.00     0.00
      568  -14.178        65.894        0.0000          0.00     0.00     0.00
      569  -18.136        65.888        0.0000          0.00     0.00     0.00
      570  -22.124        65.865        0.0000          0.00     0.00     0.00
      571  -26.117        65.856        0.0000          0.00     0.00     0.00
      572  -30.080        65.852        0.0000          0.00     0.00     0.00
      573  -34.047        65.858        0.0000          0.00     0.00     0.00
      574  -38.062        65.889        0.0000          0.00     0.00     0.00
      575  -42.023        65.919        0.0000          0.00     0.00     0.00
      576  -46.029        65.961        0.0000          0.00     0.00     0.00
      577  -46.004        61.906        0.0000          0.00     0.00     0.00
      578  -45.992        57.863        0.0000          0.00     0.00     0.00
      579  -45.991        53.819        0.0000          0.00     0.00     0.00
      580  -45.934        49.793        0.0000          0.00     0.00     0.00


      581  -45.871        45.792        0.0000          0.00     0.00     0.00
      582  -45.881        41.799        0.0000          0.00     0.00     0.00
      583  -45.861        37.813        0.0000          0.00     0.00     0.00
      584  -45.862        33.809        0.0000          0.00     0.00     0.00
      585  -45.862        29.804        0.0000          0.00     0.00     0.00
      586  -45.890        25.825        0.0000          0.00     0.00     0.00
      587  -45.902        21.825        0.0000          0.00     0.00     0.00
      588  -45.920        17.820        0.0000          0.00     0.00     0.00
      589  -45.890        13.799        0.0000          0.00     0.00     0.00
      590  -45.907        9.7926        0.0000          0.00     0.00     0.00
      591  -45.932        5.7798        0.0000          0.00     0.00     0.00
      592  -46.019        1.7323        0.0000          0.00     0.00     0.00
      593  -46.113       -2.3360        0.0000          0.00     0.00     0.00
      594  -46.067       -6.3953        0.0000          0.00     0.00     0.00
      595  -45.955       -10.413        0.0000          0.00     0.00     0.00
      596  -45.830       -14.459        0.0000          0.00     0.00     0.00
      597  -45.698       -18.423        0.0000          0.00     0.00     0.00
      598  -45.617       -22.351        0.0000          0.00     0.00     0.00
      599  -45.610       -26.267        0.0000          0.00     0.00     0.00
      600  -45.720       -30.203        0.0000          0.00     0.00     0.00


      601  -45.811       -34.178        0.0000          0.00     0.00     0.00
      602  -45.876       -38.187        0.0000          0.00     0.00     0.00
      603  -45.893       -42.165        0.0000          0.00     0.00     0.00
      604  -45.916       -46.132        0.0000          0.00     0.00     0.00
      605  -45.931       -50.083        0.0000          0.00     0.00     0.00
      606  -45.921       -54.016        0.0000          0.00     0.00     0.00
      607  -45.903       -57.985        0.0000          0.00     0.00     0.00
      608  -45.912       -61.965        0.0000          0.00     0.00     0.00
      609   30.922        3.5321        0.0000          0.00     0.00     0.00
      610   30.130        7.5212        0.0000          0.00     0.00     0.00
      611   29.435        11.207        0.0000          0.00     0.00     0.00
      612   29.043        14.677        0.0000          0.00     0.00     0.00
      613   28.780        18.385        0.0000          0.00     0.00     0.00
      614   23.279        22.493        0.0000          0.00     0.00     0.00
      615  -27.397        12.348        0.0000          0.00     0.00     0.00
      616  -28.533        8.2863        0.0000          0.00     0.00     0.00
      617  -29.290        4.2616        0.0000          0.00     0.00     0.00
      618  -29.492       0.22761        0.0000          0.00     0.00     0.00
      619  -29.123       -3.9424        0.0000          0.00     0.00     0.00
      620  -28.310       -7.8198        0.0000          0.00     0.00     0.00


      621   22.851       -18.739        0.0000          0.00     0.00     0.00
      622   25.088       -15.543        0.0000          0.00     0.00     0.00
      623   27.013       -12.127        0.0000          0.00     0.00     0.00
      624   28.395       -8.5700        0.0000          0.00     0.00     0.00
      625  -33.531       -54.062        0.0000          0.00     0.00     0.00
      626  -31.815       -3.9220        0.0000          0.00     0.00     0.00
      627   31.561       -6.6714        0.0000          0.00     0.00     0.00
      628   28.789        40.580        0.0000          0.00     0.00     0.00
      629   26.247        31.665        0.0000          0.00     0.00     0.00
      630  -18.240        50.345        0.0000          0.00     0.00     0.00
      631   23.636        48.940        0.0000          0.00     0.00     0.00
      632   20.503       -21.708        0.0000          0.00     0.00     0.00
      633  -17.814       -24.872        0.0000          0.00     0.00     0.00
      634  -20.645       -21.769        0.0000          0.00     0.00     0.00
      635  -23.060       -18.542        0.0000          0.00     0.00     0.00
      636  -25.243       -15.140        0.0000          0.00     0.00     0.00
      637  -27.011       -11.564        0.0000          0.00     0.00     0.00
      638  -30.520       -11.724        0.0000          0.00     0.00     0.00
      639  -30.696        13.232        0.0000          0.00     0.00     0.00
      640  -29.149       -15.603        0.0000          0.00     0.00     0.00


      641  -30.023        17.268        0.0000          0.00     0.00     0.00
      642  -27.496       -19.446        0.0000          0.00     0.00     0.00
      643  -30.023        21.392        0.0000          0.00     0.00     0.00
      644   25.716       -23.732        0.0000          0.00     0.00     0.00
      645  -23.565       -28.048        0.0000          0.00     0.00     0.00
      646  -25.643       -23.434        0.0000          0.00     0.00     0.00
      647  -30.105        25.570        0.0000          0.00     0.00     0.00
      648   26.281        27.282        0.0000          0.00     0.00     0.00
      649  -29.423       -50.159        0.0000          0.00     0.00     0.00
      650  -29.640       -46.474        0.0000          0.00     0.00     0.00
      651  -30.042       -42.927        0.0000          0.00     0.00     0.00
      652  -29.872       -39.289        0.0000          0.00     0.00     0.00
      653  -28.363       -35.815        0.0000          0.00     0.00     0.00
      654  -26.222       -32.312        0.0000          0.00     0.00     0.00
      655  -29.991        29.673        0.0000          0.00     0.00     0.00
      656  -29.677        33.629        0.0000          0.00     0.00     0.00
      657  -29.341        41.213        0.0000          0.00     0.00     0.00
      658  -29.650        49.108        0.0000          0.00     0.00     0.00
      659  -22.046        49.795        0.0000          0.00     0.00     0.00
      660  -14.401        50.539        0.0000          0.00     0.00     0.00


      661  -6.7653        49.850        0.0000          0.00     0.00     0.00
      662   1.0845        48.427        0.0000          0.00     0.00     0.00
      663   9.5262        46.605        0.0000          0.00     0.00     0.00
      664   27.436        50.990        0.0000          0.00     0.00     0.00
      665   32.299        52.706        0.0000          0.00     0.00     0.00
      666   30.895        46.027        0.0000          0.00     0.00     0.00
      667   30.026        43.596        0.0000          0.00     0.00     0.00
      668   27.207        36.311        0.0000          0.00     0.00     0.00
      669   26.917       -32.484        0.0000          0.00     0.00     0.00
      670   29.549       -41.093        0.0000          0.00     0.00     0.00
      671   30.137       -49.341        0.0000          0.00     0.00     0.00
      672   26.290       -49.400        0.0000          0.00     0.00     0.00
      673   22.412       -49.465        0.0000          0.00     0.00     0.00
      674   18.638       -49.344        0.0000          0.00     0.00     0.00
      675   14.964       -49.271        0.0000          0.00     0.00     0.00
      676   11.270       -49.348        0.0000          0.00     0.00     0.00
      677   7.3845       -49.350        0.0000          0.00     0.00     0.00
      678   3.4814       -48.896        0.0000          0.00     0.00     0.00
      679 -0.48522       -48.444        0.0000          0.00     0.00     0.00
      680  -4.5067       -48.058        0.0000          0.00     0.00     0.00


      681  -8.5748       -47.699        0.0000          0.00     0.00     0.00
      682  -16.888       -48.456        0.0000          0.00     0.00     0.00
      683  -21.067       -49.327        0.0000          0.00     0.00     0.00
      684  -25.253       -49.872        0.0000          0.00     0.00     0.00
      685  -29.402        37.455        0.0000          0.00     0.00     0.00
      686  -29.466        44.994        0.0000          0.00     0.00     0.00
      687  -25.831        49.299        0.0000          0.00     0.00     0.00
      688  -10.543        50.244        0.0000          0.00     0.00     0.00
      689  -2.9083        49.226        0.0000          0.00     0.00     0.00
      690   5.2161        47.540        0.0000          0.00     0.00     0.00
      691   14.105        45.789        0.0000          0.00     0.00     0.00
      692   19.400        45.619        0.0000          0.00     0.00     0.00
      693   28.632       -36.824        0.0000          0.00     0.00     0.00
      694   29.920       -45.244        0.0000          0.00     0.00     0.00
      695  -12.754       -47.898        0.0000          0.00     0.00     0.00
      696   24.110       -27.799        0.0000          0.00     0.00     0.00
      697  -14.335       -27.882        0.0000          0.00     0.00     0.00
      698  -9.9914       -29.964        0.0000          0.00     0.00     0.00
      699  -5.4633       -31.452        0.0000          0.00     0.00     0.00
      700 -0.51107       -32.328        0.0000          0.00     0.00     0.00


      701   5.8976       -32.540        0.0000          0.00     0.00     0.00
      702   17.730       -24.539        0.0000          0.00     0.00     0.00
      703  -18.130       -31.703        0.0000          0.00     0.00     0.00
      704   22.877       -33.515        0.0000          0.00     0.00     0.00
      705   25.147       -37.398        0.0000          0.00     0.00     0.00
      706  -21.827       -35.107        0.0000          0.00     0.00     0.00
      707  -26.055       -42.723        0.0000          0.00     0.00     0.00
      708   22.214       -45.479        0.0000          0.00     0.00     0.00
      709   18.567       -44.977        0.0000          0.00     0.00     0.00
      710   15.155       -44.680        0.0000          0.00     0.00     0.00
      711   11.741       -44.983        0.0000          0.00     0.00     0.00
      712   8.1122       -45.507        0.0000          0.00     0.00     0.00
      713  0.57453       -43.565        0.0000          0.00     0.00     0.00
      714  -8.3299       -42.527        0.0000          0.00     0.00     0.00
      715  -17.270       -43.925        0.0000          0.00     0.00     0.00
      716  -21.230       -45.228        0.0000          0.00     0.00     0.00
      717  -25.442       -46.128        0.0000          0.00     0.00     0.00
      718   4.3451       -44.286        0.0000          0.00     0.00     0.00
      719  -3.6308       -42.719        0.0000          0.00     0.00     0.00
      720   25.852       -41.443        0.0000          0.00     0.00     0.00


      721  -12.893       -42.773        0.0000          0.00     0.00     0.00
      722  -26.771       -40.022        0.0000          0.00     0.00     0.00
      723   25.987       -45.282        0.0000          0.00     0.00     0.00
      724   17.822        39.476        0.0000          0.00     0.00     0.00
      725  -25.315        44.828        0.0000          0.00     0.00     0.00
      726   13.152        40.639        0.0000          0.00     0.00     0.00
      727   8.2617        41.486        0.0000          0.00     0.00     0.00
      728  0.15311E-001   44.073        0.0000          0.00     0.00     0.00
      729  -3.8256        45.346        0.0000          0.00     0.00     0.00
      730  -11.089        46.729        0.0000          0.00     0.00     0.00
      731  -7.7168        45.904        0.0000          0.00     0.00     0.00
      732  -14.483        47.057        0.0000          0.00     0.00     0.00
      733  -18.036        46.854        0.0000          0.00     0.00     0.00
      734  -21.658        45.832        0.0000          0.00     0.00     0.00
      735  -24.822        41.324        0.0000          0.00     0.00     0.00
      736   22.436        37.880        0.0000          0.00     0.00     0.00
      737   4.0102        42.958        0.0000          0.00     0.00     0.00
      738  -25.090        37.635        0.0000          0.00     0.00     0.00
      739  -25.693        33.726        0.0000          0.00     0.00     0.00
      740   21.110        32.545        0.0000          0.00     0.00     0.00


      741  -26.164        29.873        0.0000          0.00     0.00     0.00
      742  -26.468        25.906        0.0000          0.00     0.00     0.00
      743   19.519       -30.237        0.0000          0.00     0.00     0.00
      744  -26.425        21.759        0.0000          0.00     0.00     0.00
      745  -25.610        17.224        0.0000          0.00     0.00     0.00
      746   14.970       -27.150        0.0000          0.00     0.00     0.00
      747   10.003       -36.042        0.0000          0.00     0.00     0.00
      748  -21.984        19.920        0.0000          0.00     0.00     0.00
      749  -19.060        22.206        0.0000          0.00     0.00     0.00
      750  -16.590        24.965        0.0000          0.00     0.00     0.00
      751  -8.3646        29.466        0.0000          0.00     0.00     0.00
      752  -3.6907        30.962        0.0000          0.00     0.00     0.00
      753  0.91937        31.947        0.0000          0.00     0.00     0.00
      754   5.2049        31.312        0.0000          0.00     0.00     0.00
      755   9.4945        30.363        0.0000          0.00     0.00     0.00
      756   13.888        29.119        0.0000          0.00     0.00     0.00
      757   19.993        26.603        0.0000          0.00     0.00     0.00
      758   16.176       -33.650        0.0000          0.00     0.00     0.00
      759   20.054       -35.843        0.0000          0.00     0.00     0.00
      760   22.449       -38.176        0.0000          0.00     0.00     0.00


      761   6.2401       -39.636        0.0000          0.00     0.00     0.00
      762   8.7722       -41.670        0.0000          0.00     0.00     0.00
      763   21.765       -41.339        0.0000          0.00     0.00     0.00
      764   15.364       -39.584        0.0000          0.00     0.00     0.00
      765   18.638       -40.312        0.0000          0.00     0.00     0.00
      766  -20.501        23.842        0.0000          0.00     0.00     0.00
      767  -9.6565        36.130        0.0000          0.00     0.00     0.00

